<?xml version="1.0" encoding="UTF-8"?>
<kml xmlns="http://www.opengis.net/kml/2.2" xmlns:gx="http://www.google.com/kml/ext/2.2" xmlns:kml="http://www.opengis.net/kml/2.2" xmlns:atom="http://www.w3.org/2005/Atom">
<Document>
	<name>C3001_AGUACATALA-INDUSTRIALES.kml</name>
	<StyleMap id="line131">
		<Pair>
			<key>normal</key>
			<styleUrl>#line1171</styleUrl>
		</Pair>
		<Pair>
			<key>highlight</key>
			<styleUrl>#line101</styleUrl>
		</Pair>
	</StyleMap>
	<Style id="line1171">
		<LineStyle>
			<color>ffFF6712</color>
			<width>3</width>
		</LineStyle>
	</Style>
	<Style id="line101">
		<LineStyle>
			<color>ffFF6712</color>
			<width>3</width>
		</LineStyle>
	</Style>
	<Placemark>
		<name>C3001</name>
		<description>Tracklog</description>
		<styleUrl>#line131</styleUrl>
		<LineString>
			<coordinates>
				-75.59822065775333,6.231012223320302,1544.976 -75.59820124097449,6.230847272960252,1542.092 -75.59817269808758,6.2306572858678,1541.131 -75.59784399350001,6.230659643200001,1541.131 -75.5973559991,6.230688896,1539.689 -75.59705257420001,6.2307071686,1538.247 -75.59629043630196,6.230793379595439,1536.805 -75.59618521385958,6.230446260435295,1536.324 -75.595411649,6.2304711342,1535.844 -75.5949151888,6.230482365900001,1533.921 -75.59449911119999,6.2304925919,1533.44 -75.5939099472,6.2305227667,1532.959 -75.5933943763,6.2305029016,1531.998 -75.59275557404963,6.230515204101782,1529.595 -75.59229922587831,6.230529155089512,1529.114 -75.59144133577988,6.230515390066115,1526.711 -75.591453379,6.230791742000001,1525.75 -75.59145197731668,6.23140159345274,1525.269 -75.5910576694,6.231436729399999,1525.269 -75.590562718,6.2314870209,1523.827 -75.5900877994,6.2314797286,1523.346 -75.5895972066,6.2314834166,1524.308 -75.5890474375,6.2314876076,1523.346 -75.5885517318,6.231491463300001,1520.943 -75.58807429860001,6.231495067500001,1519.501 -75.5875496753,6.2314990908,1519.021 -75.58699571530001,6.231509484400001,1518.54 -75.5864844192,6.231524152699999,1517.578 -75.5859029666,6.2315408327,1516.617 -75.58537063190001,6.2315561716,1515.656 -75.5848855712,6.2315700855,1514.694 -75.5843707547,6.231584837700001,1514.214 -75.5838686787,6.231599254500001,1512.772 -75.5833495036,6.2316141743,1512.772 -75.5828682985,6.2316280045,1512.772 -75.5823144224,6.2316472828,1512.291 -75.5818284396,6.2316647172,1511.33 -75.58137196120001,6.2316809781,1511.33 -75.58090232310001,6.2316977419,1511.811 -75.58034718970001,6.231717607000001,1510.849 -75.57981601560873,6.231706057698423,1511.33 -75.57928457027468,6.231712163846161,1511.811 -75.5788590666,6.2317114882,1510.368 -75.5783257261,6.2317585945,1510.368 -75.57781711219999,6.231773262799999,1510.849 -75.5772943329,6.231712494,1511.33 -75.5768272933,6.2315946445,1512.291 -75.57634214869999,6.2314651441,1514.694 -75.5760240555,6.2313723564,1516.617 -75.57528961961921,6.231142372364753,1518.059 -75.57482835034514,6.230819588938838,1517.578 -75.5746925063,6.230570459699999,1514.694 -75.5746202543,6.2300852314,1511.811 -75.5746078491,6.2296557426,1512.291 -75.5746812746,6.229016371100001,1513.252 -75.5747355893,6.228543045,1514.214 -75.57475805279999,6.2283468246,1514.214 -75.57483005340001,6.2275561597,1515.656 -75.57484388349999,6.2274026871,1515.175 -75.57494131589912,6.226769724786177,1515.175 -75.5750134134493,6.226129838960564,1514.694 -75.5749940872,6.2256860733,1515.175 -75.5750847794,6.2249928061,1515.656 -75.57512878439999,6.2245303765,1515.656 -75.57517932730001,6.2239993829,1516.136 -75.5752086639,6.223690509799999,1516.617 -75.5752738751,6.2230234779,1517.098 -75.5753219035,6.2224918138,1517.098 -75.5753731169,6.2219369318,1517.578 -75.5754305329,6.221438962999999,1518.059 -75.57548761370001,6.2209439278,1518.54 -75.57553119959999,6.220508907000001,1518.54 -75.5755873583,6.219947403299999,1518.059 -75.5756254122,6.2194542959,1519.021 -75.5756626278,6.2189404853,1519.501 -75.57570219039999,6.218476295500001,1519.982 -75.5757632107,6.2179275323,1520.462 -75.5758165196,6.2174312398,1520.462 -75.5758523941,6.217103004499999,1520.943 -75.57598713370004,6.216477742529448,1521.904 -75.5760885123,6.216007992599999,1522.385 -75.576151209,6.215516142500001,1522.385 -75.5762107205,6.215050360199999,1522.385 -75.57625061829999,6.2145873439,1523.346 -75.5762930308,6.214061882299999,1523.827 -75.5763244629,6.2136697769,1524.308 -75.57639822359999,6.213181195799999,1524.788 -75.57643175130001,6.2128973007,1525.269 -75.57648363520001,6.2121202145,1525.269 -75.5765290651,6.2115704454,1525.269 -75.57656971740001,6.2110786792,1525.269 -75.57661397379999,6.2105427403,1525.269 -75.57665621859999,6.2100655586,1525.269 -75.57671254500001,6.209552502299999,1526.23 -75.5767645966,6.209032069899999,1526.23 -75.5767965317,6.2087130547,1526.711 -75.5768785905,6.207871763,1527.672 -75.57690382,6.2076401711,1527.672 -75.57696349920001,6.2068045791,1528.153 -75.57701027020001,6.206271238600001,1529.114 -75.57705159299999,6.205800846199999,1528.634 -75.5771042313,6.205289298699999,1529.595 -75.5771593004,6.2047723867,1529.595 -75.57722610419999,6.204146761400001,1530.075 -75.5772844423,6.203638399,1530.556 -75.5773469713,6.2031079084,1530.556 -75.5774097517,6.2025678623,1531.998 -75.5774638988,6.2020690553,1531.998 -75.5775153637,6.2015880179,1532.479 -75.5775732826,6.2010479718,1532.959 -75.5776233226,6.200570371,1533.921 -75.5776735302,6.2000586558,1533.921 -75.5777358916,6.1995294224,1534.402 -75.5778479576,6.1991000175,1535.363 -75.57804694399999,6.198487384200001,1535.844 -75.578191448,6.1980010662,1536.324 -75.57832899500001,6.1974883452,1536.805 -75.5784916878,6.197082996400001,1537.285 -75.57888186540001,6.1964953411,1538.247 -75.57907875630001,6.196048669500001,1540.169 -75.57919979099999,6.195774078400001,1543.534 -75.57945479777572,6.195172016766755,1546.418 -75.57982564044799,6.195001515504328,1545.937 -75.57995997981034,6.194542950595066,1546.898 -75.57980902211737,6.194020153235738,1545.457 -75.579953827,6.1933807097,1542.573 -75.58008885940001,6.1928611994,1542.573 -75.58018684389999,6.1923623085,1542.092 -75.58022045529999,6.1917738151,1541.611 -75.5802971497,6.1912201904,1542.573 -75.58042407209615,6.190686438009066,1543.534 -75.58057888525899,6.190330163630367,1542.573 -75.5812687799,6.1906716786,1541.611 -75.5820708691468,6.190981834999954,1541.611 -75.5819904618,6.1913147382,1540.65 -75.58188937600001,6.1918609869,1540.65 -75.5819516536,6.192492647099999,1540.169 -75.58179977349999,6.1929956451,1539.689 -75.5816240888,6.193504259,1539.208 -75.5814390164,6.1939913314,1538.728 -75.58124786498516,6.194449357973264,1539.208 -75.58066073288288,6.194785764113168,1541.611 -75.58010662519405,6.194712590005248,1544.976 -75.57984236209967,6.194425209179707,1546.418 -75.57948615252864,6.194260902272318,1546.418 -75.57915943732472,6.194387135721481,1546.418 -75.5790498404737,6.194737105493624,1547.379 -75.5791604015901,6.194909010987323,1547.379 -75.57940159260116,6.195056288169104,1546.418 -75.5797937326,6.194958267700001,1546.418 -75.58029164019396,6.194958453079317,1543.534 -75.58087348940001,6.1951518059,1544.015 -75.58137345111973,6.195278813024153,1545.457 -75.58184798945484,6.195407486326064,1546.418 -75.5823111534,6.1955595016,1544.015 -75.5828266405,6.1957081966,1541.131 -75.5833697878,6.1958648544,1539.208 -75.5838644877,6.196086304299999,1538.728 -75.5843304377,6.1962172296,1538.728 -75.5848015845,6.1964149587,1538.728 -75.5851253774,6.1967968382,1539.208 -75.5852293968,6.1973202042,1538.728 -75.58512604800001,6.197784980799999,1538.247 -75.5850081984,6.198267107800001,1537.285 -75.5848844815,6.1987803318,1537.285 -75.5847500358,6.1993390694,1537.285 -75.58467149729999,6.199679374700001,1536.324 -75.5844884366,6.2003940158,1534.882 -75.58434985988065,6.20105405247062,1535.363 -75.58423897541894,6.201687077449369,1534.402 -75.58416291970428,6.202241189071762,1534.882 -75.58436028836414,6.202754780752211,1533.44 -75.5847522989,6.203121570899999,1532.959 -75.5851650238,6.203327179000001,1533.44 -75.58569115589999,6.203582743199999,1533.921 -75.5859160423,6.203691959400001,1534.882 -75.5865259096,6.2040540576,1537.766 -75.5869438313,6.2043081131,1540.169 -75.5873401277,6.2045402918,1541.131 -75.5877995398,6.2047956046,1538.247 -75.58823347089999,6.2050223351,1535.844 -75.5885982513,6.205322742500001,1536.324 -75.588772092,6.2058054563,1537.285 -75.5888342857,6.206095218700001,1537.285 -75.5890430789,6.2068382744,1536.324 -75.58914338406136,6.207142249445454,1535.844 -75.5894032065659,6.207740991218063,1538.247 -75.58976284259482,6.2080075809872,1539.689 -75.59033523310001,6.2081454322,1541.611 -75.59079783040001,6.2081946339,1542.092 -75.5913259741,6.2082434166,1543.053 -75.59183995239999,6.208276944200001,1543.534 -75.59241234836441,6.208302703114965,1543.534 -75.59272322237288,6.208343335772897,1543.534 -75.59304573976159,6.20844607530457,1543.534 -75.59327382604874,6.208585082945823,1544.015 -75.5935460888,6.208886560100001,1544.015 -75.593662262,6.2090349197,1544.495 -75.5941612367,6.209688791999999,1544.976 -75.59428453450001,6.2098503113,1545.457 -75.59473983940001,6.210605604600001,1544.495 -75.5949419271,6.2109941896,1541.611 -75.5952054542,6.2114638276,1540.65 -75.5954618566,6.2119379081,1539.689 -75.5956149101,6.212232112900001,1537.285 -75.59595320370001,6.2129185908,1536.805 -75.5961820297,6.213385043699999,1535.844 -75.5964204948,6.213916624,1534.882 -75.5967265181,6.2145073805,1534.402 -75.5970082339,6.2150403019,1533.921 -75.5972445197,6.2155040726,1533.44 -75.5974820629,6.215953929299999,1532.959 -75.5977392197,6.2164378166,1534.402 -75.5979870725,6.21695037,1535.363 -75.5982305668,6.2174532842,1538.728 -75.59846928060834,6.217902671450323,1541.131 -75.59890598059999,6.2186472025,1543.053 -75.5991232395,6.219141567099999,1545.937 -75.59921251142626,6.219705113730417,1547.379 -75.59925751759999,6.220200872000001,1548.341 -75.5992797296,6.2207275908,1548.341 -75.5993075576,6.2212838978,1548.821 -75.5993270874,6.2216734886,1549.302 -75.59938584450001,6.222354099200001,1550.263 -75.599408811,6.2228996772,1553.147 -75.5993914604,6.2231755257,1555.551 -75.5993914604,6.223963256899999,1555.07 -75.5993700027,6.224398613,1555.07 -75.5994987488,6.224827766399999,1552.667 -75.59982856960174,6.225297054448552,1552.667 -75.60036975545856,6.225737293481583,1553.628 -75.6007386837,6.2260943558,1554.109 -75.60111821629999,6.2265318073,1554.109 -75.60152311635599,6.226959236629112,1555.551 -75.60178240465919,6.227313018017027,1555.551 -75.6019020081,6.2275743484,1555.07 -75.6019558199,6.2281296495,1555.551 -75.6020148285,6.2286327314,1555.551 -75.60204659590001,6.2292153575,1556.512 -75.6020522118,6.2297632825,1556.031 -75.60205916122123,6.230575213824508,1555.07 -75.6019234657,6.230835914599999,1554.589 -75.601425916,6.2310996931,1553.628 -75.6009762269,6.2311157025,1551.705 -75.60042344030001,6.2311455421,1551.225 -75.5999702308,6.2311652396,1549.302 -75.5996489525,6.2311792374,1547.379 -75.59881682094434,6.231242172321618,1546.898 -75.59824382449571,6.23128169922524,1544.976 -75.598228290778,6.231049986962485,1544.976 
			</coordinates>
		</LineString>
	</Placemark>
</Document>
</kml>
