<?xml version='1.0' encoding='UTF-8'?>
<kml xmlns='http://www.opengis.net/kml/2.2'>
	<Document>
		<name>RUTA 1 EPM</name>
		<StyleMap id="line131">
        		<Pair>
        			<key>normal</key>
        			<styleUrl>#line1171</styleUrl>
        		</Pair>
        		<Pair>
        			<key>highlight</key>
        			<styleUrl>#line101</styleUrl>
        		</Pair>
        	</StyleMap>
        	<Style id="line1171">
        		<LineStyle>
        			<color>ff007635</color>
        			<width>7</width>
        		</LineStyle>
        	</Style>
        	<Style id="line101">
        		<LineStyle>
        			<color>ffFF6712</color>
        			<width>7</width>
        		</LineStyle>
        	</Style>
		<Placemark>
			<name>RUTA 1 EPM</name>
            		<description>Tracklog</description>
            		<styleUrl>#line131</styleUrl>
			<LineString>
				<tessellate>1</tessellate>
				<coordinates>-75.57723,6.24546,0.0 -75.57722,6.24549,0.0 -75.57712,6.2458,0.0 -75.57702,6.24611,0.0 -75.57693,6.24637,0.0 -75.57693,6.24639,0.0 -75.57685,6.24662,0.0 -75.57654,6.24651,0.0 -75.57623,6.2464,0.0 -75.57607,6.24634,0.0 -75.57596,6.2463,0.0 -75.5758,6.24622,0.0 -75.57566,6.24603,0.0 -75.57552,6.24586,0.0 -75.5755,6.24585,0.0 -75.57549,6.24583,0.0 -75.57547,6.24582,0.0 -75.57545,6.2458,0.0 -75.57543,6.24579,0.0 -75.57541,6.24578,0.0 -75.57538,6.24577,0.0 -75.57536,6.24576,0.0 -75.57534,6.24576,0.0 -75.57532,6.24575,0.0 -75.57531,6.24575,0.0 -75.57529,6.24574,0.0 -75.57527,6.24574,0.0 -75.57525,6.24574,0.0 -75.57523,6.24574,0.0 -75.57521,6.24574,0.0 -75.57519,6.24574,0.0 -75.57518,6.24574,0.0 -75.57516,6.24574,0.0 -75.57514,6.24575,0.0 -75.57512,6.24575,0.0 -75.5751,6.24575,0.0 -75.57509,6.24576,0.0 -75.57507,6.24576,0.0 -75.57499,6.24582,0.0 -75.57491,6.24589,0.0 -75.57484,6.24596,0.0 -75.57483,6.24596,0.0 -75.57483,6.24597,0.0 -75.57482,6.24598,0.0 -75.57481,6.24599,0.0 -75.5748,6.246,0.0 -75.57479,6.246,0.0 -75.57479,6.24601,0.0 -75.57478,6.24602,0.0 -75.57477,6.24604,0.0 -75.57475,6.24606,0.0 -75.57474,6.24608,0.0 -75.57474,6.24609,0.0 -75.57473,6.24611,0.0 -75.57472,6.24613,0.0 -75.57472,6.24615,0.0 -75.57471,6.24617,0.0 -75.57471,6.2462,0.0 -75.57471,6.24623,0.0 -75.57471,6.24626,0.0 -75.57471,6.24629,0.0 -75.57472,6.24632,0.0 -75.57473,6.24635,0.0 -75.57474,6.24637,0.0 -75.57476,6.24641,0.0 -75.57489,6.24657,0.0 -75.575,6.24673,0.0 -75.57503,6.24683,0.0 -75.57508,6.24693,0.0 -75.57507,6.24725,0.0 -75.57506,6.24756,0.0 -75.5746,6.24739,0.0 -75.57413,6.24722,0.0 -75.57367,6.24706,0.0 -75.57322,6.2469,0.0 -75.57299,6.24682,0.0 -75.57276,6.24674,0.0 -75.57244,6.24661,0.0 -75.57211,6.24648,0.0 -75.57183,6.24639,0.0 -75.57155,6.2463,0.0 -75.57132,6.24622,0.0 -75.57109,6.24614,0.0 -75.57092,6.24608,0.0 -75.57074,6.24601,0.0 -75.57054,6.24594,0.0 -75.57035,6.24587,0.0 -75.57058,6.24533,0.0 -75.5708,6.24479,0.0 -75.57083,6.24472,0.0 -75.57085,6.24465,0.0 -75.57136,6.24335,0.0 -75.57186,6.24204,0.0 -75.57219,6.24215,0.0 -75.57251,6.24226,0.0 -75.57289,6.24239,0.0 -75.57301,6.24242,0.0 -75.57333,6.24247,0.0 -75.57348,6.24248,0.0 -75.57349,6.24248,0.0 -75.57399,6.24251,0.0 -75.5746,6.24251,0.0 -75.57495,6.24252,0.0 -75.57521,6.2425,0.0 -75.57522,6.2426,0.0 -75.57522,6.24274,0.0 -75.57521,6.24314,0.0 -75.5752,6.24336,0.0 -75.57518,6.24393,0.0 -75.57516,6.24438,0.0 -75.57515,6.24468,0.0 -75.57514,6.24513,0.0 -75.57512,6.24546,0.0 -75.57512,6.24554,0.0 -75.5751,6.24562,0.0 -75.57507,6.24576,0.0 -75.57499,6.24582,0.0 -75.57491,6.24589,0.0 -75.57484,6.24596,0.0 -75.57483,6.24596,0.0 -75.57483,6.24597,0.0 -75.57482,6.24598,0.0 -75.57481,6.24599,0.0 -75.5748,6.246,0.0 -75.57479,6.246,0.0 -75.57479,6.24601,0.0 -75.57478,6.24602,0.0 -75.57477,6.24604,0.0 -75.57475,6.24606,0.0 -75.57474,6.24608,0.0 -75.57474,6.24609,0.0 -75.57473,6.24611,0.0 -75.57472,6.24613,0.0 -75.57472,6.24615,0.0 -75.57471,6.24617,0.0 -75.57471,6.2462,0.0 -75.57471,6.24623,0.0 -75.57471,6.24626,0.0 -75.57471,6.24629,0.0 -75.57472,6.24632,0.0 -75.57473,6.24635,0.0 -75.57474,6.24637,0.0 -75.57476,6.24641,0.0 -75.57489,6.24657,0.0 -75.575,6.24673,0.0 -75.57504,6.24675,0.0 -75.57506,6.24676,0.0 -75.57508,6.24677,0.0 -75.5751,6.24678,0.0 -75.57512,6.24678,0.0 -75.57514,6.24679,0.0 -75.57517,6.2468,0.0 -75.57519,6.2468,0.0 -75.5752,6.24681,0.0 -75.57522,6.24681,0.0 -75.57524,6.24681,0.0 -75.57526,6.24681,0.0 -75.57527,6.24681,0.0 -75.57529,6.24681,0.0 -75.57531,6.24681,0.0 -75.57533,6.24681,0.0 -75.57535,6.2468,0.0 -75.57536,6.2468,0.0 -75.57538,6.24679,0.0 -75.5754,6.24678,0.0 -75.57542,6.24677,0.0 -75.57543,6.24677,0.0 -75.57545,6.24676,0.0 -75.57546,6.24675,0.0 -75.57549,6.24674,0.0 -75.57552,6.24673,0.0 -75.57554,6.24672,0.0 -75.57556,6.2467,0.0 -75.57558,6.24669,0.0 -75.5756,6.24667,0.0 -75.57562,6.24666,0.0 -75.57564,6.24664,0.0 -75.57566,6.24662,0.0 -75.57567,6.24661,0.0 -75.57569,6.24659,0.0 -75.5757,6.24657,0.0 -75.57571,6.24656,0.0 -75.57573,6.24654,0.0 -75.57574,6.24652,0.0 -75.57575,6.2465,0.0 -75.57576,6.24649,0.0 -75.57576,6.24648,0.0 -75.57577,6.24647,0.0 -75.57578,6.24646,0.0 -75.57578,6.24644,0.0 -75.57579,6.24643,0.0 -75.57579,6.24641,0.0 -75.57579,6.2464,0.0 -75.5758,6.24638,0.0 -75.5758,6.24635,0.0 -75.5758,6.24633,0.0 -75.57581,6.24631,0.0 -75.57581,6.24629,0.0 -75.57581,6.24626,0.0 -75.57581,6.24624,0.0 -75.5758,6.24622,0.0 -75.57566,6.24603,0.0 -75.57552,6.24586,0.0 -75.57547,6.24571,0.0 -75.57544,6.24558,0.0 -75.57544,6.2453,0.0 -75.57544,6.24518,0.0 -75.57545,6.24506,0.0 -75.57545,6.245,0.0 -75.57545,6.24494,0.0 -75.57553,6.24497,0.0 -75.5756,6.24499,0.0 -75.57579,6.24504,0.0 -75.57597,6.24509,0.0 -75.57603,6.24511,0.0 -75.57609,6.24512,0.0 -75.57643,6.24441,0.0 -75.57677,6.2437,0.0 -75.57719,6.24384,0.0 -75.57762,6.24398,0.0 -75.57742,6.24474,0.0 -75.57723,6.24546,0.0</coordinates>
			</LineString>
		</Placemark>
	</Document>
</kml>